360102200305200019
360102200305200035
360102200305200051
360102200305200078
360102200305200094
360102200305200115
360102200305200131
360102200305200158
360102200305200174
360102200305200190
360102200305200211
360102200305200238
360102200305200254
360102200305200270
360102200305200297
360102200305200318
360102200305200334
360102200305200350
360102200305200377
360102200305200393
360102200305200414
360102200305200430
360102200305200457
360102200305200473
36010220030520049x
360102200305200510
360102200305200537
360102200305200553
36010220030520057x
360102200305200596
360102200305200617
360102200305200633
36010220030520065x
360102200305200676
360102200305200692
360102200305200713
36010220030520073x
360102200305200756
360102200305200772
360102200305200799
36010220030520081x
360102200305200836
360102200305200852
360102200305200879
360102200305200895
360102200305200916
360102200305200932
360102200305200959
360102200305200975
360102200305200991
360102200305201011
360102200305201038
360102200305201054
360102200305201070
360102200305201097
360102200305201118
360102200305201134
360102200305201150
360102200305201177
360102200305201193
360102200305201214
360102200305201230
360102200305201257
360102200305201273
36010220030520129x
360102200305201310
360102200305201337
360102200305201353
36010220030520137x
360102200305201396
360102200305201417
360102200305201433
36010220030520145x
360102200305201476
360102200305201492
360102200305201513
36010220030520153x
360102200305201556
360102200305201572
360102200305201599
36010220030520161x
360102200305201636
360102200305201652
360102200305201679
360102200305201695
360102200305201716
360102200305201732
360102200305201759
360102200305201775
360102200305201791
360102200305201812
360102200305201839
360102200305201855
360102200305201871
360102200305201898
360102200305201919
360102200305201935
360102200305201951
360102200305201978
360102200305201994
360102200305202014
360102200305202030
360102200305202057
360102200305202073
36010220030520209x
360102200305202110
360102200305202137
360102200305202153
36010220030520217x
360102200305202196
360102200305202217
360102200305202233
36010220030520225x
360102200305202276
360102200305202292
360102200305202313
36010220030520233x
360102200305202356
360102200305202372
360102200305202399
36010220030520241x
360102200305202436
360102200305202452
360102200305202479
360102200305202495
360102200305202516
360102200305202532
360102200305202559
360102200305202575
360102200305202591
360102200305202612
360102200305202639
360102200305202655
360102200305202671
360102200305202698
360102200305202719
360102200305202735
360102200305202751
360102200305202778
360102200305202794
360102200305202815
360102200305202831
360102200305202858
360102200305202874
360102200305202890
360102200305202911
360102200305202938
360102200305202954
360102200305202970
360102200305202997
360102200305203017
360102200305203033
36010220030520305x
360102200305203076
360102200305203092
360102200305203113
36010220030520313x
360102200305203156
360102200305203172
360102200305203199
36010220030520321x
360102200305203236
360102200305203252
360102200305203279
360102200305203295
360102200305203316
360102200305203332
360102200305203359
360102200305203375
360102200305203391
360102200305203412
360102200305203439
360102200305203455
360102200305203471
360102200305203498
360102200305203519
360102200305203535
360102200305203551
360102200305203578
360102200305203594
360102200305203615
360102200305203631
360102200305203658
360102200305203674
360102200305203690
360102200305203711
360102200305203738
360102200305203754
360102200305203770
360102200305203797
360102200305203818
360102200305203834
360102200305203850
360102200305203877
360102200305203893
360102200305203914
360102200305203930
360102200305203957
360102200305203973
36010220030520399x
36010220030520401x
360102200305204036
360102200305204052
360102200305204079
360102200305204095
360102200305204116
360102200305204132
360102200305204159
360102200305204175
360102200305204191
360102200305204212
360102200305204239
360102200305204255
360102200305204271
360102200305204298
360102200305204319
360102200305204335
360102200305204351
360102200305204378
360102200305204394
360102200305204415
360102200305204431
360102200305204458
360102200305204474
360102200305204490
360102200305204511
360102200305204538
360102200305204554
360102200305204570
360102200305204597
360102200305204618
360102200305204634
360102200305204650
360102200305204677
360102200305204693
360102200305204714
360102200305204730
360102200305204757
360102200305204773
36010220030520479x
360102200305204810
360102200305204837
360102200305204853
36010220030520487x
360102200305204896
360102200305204917
360102200305204933
36010220030520495x
360102200305204976
360102200305204992
360102200305205012
360102200305205039
360102200305205055
360102200305205071
360102200305205098
360102200305205119
360102200305205135
360102200305205151
360102200305205178
360102200305205194
360102200305205215
360102200305205231
360102200305205258
360102200305205274
360102200305205290
360102200305205311
360102200305205338
360102200305205354
360102200305205370
360102200305205397
360102200305205418
360102200305205434
360102200305205450
360102200305205477
360102200305205493
360102200305205514
360102200305205530
360102200305205557
360102200305205573
36010220030520559x
360102200305205610
360102200305205637
360102200305205653
36010220030520567x
360102200305205696
360102200305205717
360102200305205733
36010220030520575x
360102200305205776
360102200305205792
360102200305205813
36010220030520583x
360102200305205856
360102200305205872
360102200305205899
36010220030520591x
360102200305205936
360102200305205952
360102200305205979
360102200305205995
360102200305206015
360102200305206031
360102200305206058
360102200305206074
360102200305206090
360102200305206111
360102200305206138
360102200305206154
360102200305206170
360102200305206197
360102200305206218
360102200305206234
360102200305206250
360102200305206277
360102200305206293
360102200305206314
360102200305206330
360102200305206357
360102200305206373
36010220030520639x
360102200305206410
360102200305206437
360102200305206453
36010220030520647x
360102200305206496
360102200305206517
360102200305206533
36010220030520655x
360102200305206576
360102200305206592
360102200305206613
36010220030520663x
360102200305206656
360102200305206672
360102200305206699
36010220030520671x
360102200305206736
360102200305206752
360102200305206779
360102200305206795
360102200305206816
360102200305206832
360102200305206859
360102200305206875
360102200305206891
360102200305206912
360102200305206939
360102200305206955
360102200305206971
360102200305206998
360102200305207018
360102200305207034
360102200305207050
360102200305207077
360102200305207093
360102200305207114
360102200305207130
360102200305207157
360102200305207173
36010220030520719x
360102200305207210
360102200305207237
360102200305207253
36010220030520727x
360102200305207296
360102200305207317
360102200305207333
36010220030520735x
360102200305207376
360102200305207392
360102200305207413
36010220030520743x
360102200305207456
360102200305207472
360102200305207499
36010220030520751x
360102200305207536
360102200305207552
360102200305207579
360102200305207595
360102200305207616
360102200305207632
360102200305207659
360102200305207675
360102200305207691
360102200305207712
360102200305207739
360102200305207755
360102200305207771
360102200305207798
360102200305207819
360102200305207835
360102200305207851
360102200305207878
360102200305207894
360102200305207915
360102200305207931
360102200305207958
360102200305207974
360102200305207990
360102200305208010
360102200305208037
360102200305208053
36010220030520807x
360102200305208096
360102200305208117
360102200305208133
36010220030520815x
360102200305208176
360102200305208192
360102200305208213
36010220030520823x
360102200305208256
360102200305208272
360102200305208299
36010220030520831x
360102200305208336
360102200305208352
360102200305208379
360102200305208395
360102200305208416
360102200305208432
360102200305208459
360102200305208475
360102200305208491
360102200305208512
360102200305208539
360102200305208555
360102200305208571
360102200305208598
360102200305208619
360102200305208635
360102200305208651
360102200305208678
360102200305208694
360102200305208715
360102200305208731
360102200305208758
360102200305208774
360102200305208790
360102200305208811
360102200305208838
360102200305208854
360102200305208870
360102200305208897
360102200305208918
360102200305208934
360102200305208950
360102200305208977
360102200305208993
360102200305209013
36010220030520903x
360102200305209056
360102200305209072
360102200305209099
36010220030520911x
360102200305209136
360102200305209152
360102200305209179
360102200305209195
360102200305209216
360102200305209232
360102200305209259
360102200305209275
360102200305209291
360102200305209312
360102200305209339
360102200305209355
360102200305209371
360102200305209398
360102200305209419
360102200305209435
360102200305209451
360102200305209478
360102200305209494
360102200305209515
360102200305209531
360102200305209558
360102200305209574
360102200305209590
360102200305209611
360102200305209638
360102200305209654
360102200305209670
360102200305209697
360102200305209718
360102200305209734
360102200305209750
360102200305209777
360102200305209793
360102200305209814
360102200305209830
360102200305209857
360102200305209873
36010220030520989x
360102200305209910
360102200305209937
360102200305209953
36010220030520997x
360102200305209996
